pdb lig overlap PP-crit PP-dst crit4 crit5 crit6 crit6_continue lig_vol pock_vol nb_AS nb_AS_norm mean_as_ray mean_as_solv_acc apol_as_prop apol_as_prop_norm mean_loc_hyd_dens mean_loc_hyd_dens_norm hydrophobicity_score volume_score polarity_score polarity_score_norm charge_score flex prop_polar_atm as_density as_density_norm as_max_dst as_max_dst_norm drug_score ALA ARG ASN ASP CYS GLN GLU GLY HIS ILE LEU LYS MET PHE PRO SER THR TRP TYR VAL
pdb3peq_3EQ.ent 3EQ   0.00  0  11.07 0.00 0.00  0 -1.25   447.62     589.92    58 0.12   4.02   0.54  0.79 0.79   44.87 0.56     50.56    5.00     6  0.21     0   0.09   29.03  3.42  0.26  9.71  0.35  0.15   0   0   0   1   0   0   0   1   1   2   0   0   0   0   0   0   1   3   0   0
pdb3peq_3EQ.ent 3EQ   1.82  0   8.74 0.00 0.00  0 -1.25   447.62     340.38    43 0.09   3.84   0.53  0.88 0.88   36.95 0.46     21.71    3.57     3  0.11    -2   0.46   32.00  2.79  0.21  7.38  0.28  0.01   0   0   0   1   0   0   1   2   0   1   0   0   0   0   0   0   0   0   1   1
pdb3peq_3EQ.ent 3EQ   0.00  0   9.30 0.00 0.00  0 -1.25   447.62     349.15    38 0.08   3.81   0.45  0.29 0.29   10.00 0.12     19.20    3.70     6  0.21     0   0.13   42.31  3.66  0.28  9.00  0.33  0.01   1   0   1   1   0   0   1   1   2   0   0   0   0   0   0   0   0   1   0   2
pdb3peq_3EQ.ent 3EQ   0.00  0  12.38 0.00 0.00  0 -1.25   447.62     508.70    44 0.09   4.49   0.64  0.20 0.20    8.00 0.10     24.00    4.00     4  0.14    -1   0.17   40.74  2.99  0.23  7.34  0.27  0.01   0   0   1   2   1   0   0   0   1   1   0   0   1   1   0   0   0   0   0   0
pdb3peq_3EQ.ent 3EQ   0.00  0  26.69 0.00 0.00  0 -1.25   447.62     428.38    37 0.08   3.82   0.61  0.27 0.27    9.00 0.11     -2.00    3.60     4  0.14     1   0.35   42.86  2.77  0.21  6.44  0.24  0.00   1   0   0   0   0   0   1   0   1   0   0   1   0   0   0   1   0   0   0   0
pdb3peq_3EQ.ent 3EQ   0.00  0  14.19 0.00 0.00  0 -1.25   447.62     737.37    40 0.08   4.13   0.58  0.77 0.77   28.13 0.35     39.45    4.00     5  0.18     1   0.38   20.00  4.07  0.31 10.33  0.37  0.04   1   0   1   0   1   0   0   1   0   2   0   1   1   0   0   0   2   1   0   0
pdb3peq_3EQ.ent 3EQ   0.00  0  12.89 0.00 0.00  0 -1.25   447.62     491.20    38 0.08   3.90   0.55  0.61 0.61   21.39 0.27     24.86    4.86     5  0.18    -2   0.18   36.36  3.96  0.30  9.23  0.34  0.01   0   0   0   1   0   0   1   0   0   1   0   0   0   0   1   0   1   2   0   0
pdb3peq_3EQ.ent 3EQ   0.00  0  23.80 0.00 0.00  0 -1.25   447.62     556.32    38 0.08   4.24   0.63  0.24 0.24    8.00 0.10     31.70    4.10     4  0.14    -1   0.58   50.00  3.22  0.25  7.90  0.29  0.02   2   0   1   1   0   0   1   0   0   2   0   1   1   1   0   0   0   0   0   0
pdb3peq_3EQ.ent 3EQ   1.82  0  10.06 0.00 0.00  0 -1.25   447.62     616.82    46 0.09   3.79   0.55  0.63 0.63   26.69 0.33     42.60    4.60     3  0.11     0   0.26   34.48  3.52  0.27 10.71  0.38  0.04   0   1   0   0   0   0   1   0   0   2   0   0   2   1   1   1   0   0   0   1
